landscape=[0.693147182465,0.332730978727,0.310340613127,0.212792828679,0.204903170466,0.296584010124]
wildlife=[0.693147182465,0.238894030452,0.209599927068,0.185987591743,0.408277481794,0.0768612995744]
travel=[0.693147182465,0.401431798935,0.374051660299,0.584224045277,0.205790266395,0.291898995638]
vacation=[0.693147182465,0.329213172197,0.287598580122,0.198210462928,0.18238119781,0.294605344534]
sunrise=[0.693147182465,0.278240531683,0.120700471103,0.197079852223,0.0650330483913,0.548583209515]
sunset=[0.693147182465,0.463173002005,0.454301714897,0.227811813354,0.297175258398,0.732127487659]
night=[0.693147182465,0.412413328886,0.525537788868,0.132977738976,0.288165718317,0.195582926273]
art=[0.693147182465,0.376989841461,0.509033620358,0.443580955267,0.650407850742,0.12584464252]
architecture=[0.693147182465,0.471794754267,0.242010593414,0.628317415714,0.201942682266,0.197532370687]
urban=[0.693147182465,0.293228596449,0.210110917687,0.0977998748422,0.1871894449,0.161150828004]
abandoned=[0.693147182465,0.225240960717,0.199609398842,0.0785068199039,0.0589368082583,0.0554591417313]
beautiful=[0.693147182465,0.294242292643,0.13970208168,0.178479537368,0.511973500252,0.0791748389602]
cute=[0.693147182465,0.243469536304,0.133395388722,0.189028397202,0.184092640877,0.0680553764105]
love=[0.693147182465,0.34822678566,0.37437698245,0.0985798612237,0.183081805706,0.174372732639]
beauty=[0.693147182465,0.339421361685,0.126807078719,0.197564408183,0.398607164621,0.413342982531]
summer=[0.693147182465,0.294319361448,0.320254892111,0.200196191669,0.274151235819,0.193030714989]
autumn=[0.693147182465,0.408617943525,0.375841259956,0.627169907093,0.386601835489,0.385094970465]
winter=[0.693147182465,0.409952074289,0.155397132039,0.279013067484,0.0814449861646,0.185742080212]
spring=[0.693147182465,0.293916195631,0.144076272845,0.0943285897374,0.0684918314219,0.0582888163626]
landscape=[0.875541666667]
wildlife=[0.90225]
travel=[0.920708333333]
vacation=[0.957166666667]
sunrise=[0.962625]
sunset=[0.884083333333]
night=[0.912375]
art=[0.901875]
architecture=[0.884458333333]
urban=[0.937708333333]
abandoned=[0.969875]
beautiful=[0.933375]
cute=[0.951708333333]
love=[0.960666666667]
beauty=[0.967458333333]
summer=[0.937125]
autumn=[0.916666666667]
winter=[0.937541666667]
spring=[0.963]
landscape=[0.0]
wildlife=[0.0]
travel=[0.0]
vacation=[0.0]
sunrise=[0.0]
sunset=[0.0]
night=[0.0]
art=[0.0]
architecture=[0.0]
urban=[0.0]
abandoned=[0.0]
beautiful=[0.0]
cute=[0.0]
love=[0.0]
beauty=[0.0]
summer=[0.0]
autumn=[0.0]
winter=[0.0]
spring=[0.0]
landscape=[nan]
wildlife=[nan]
travel=[nan]
vacation=[nan]
sunrise=[nan]
sunset=[nan]
night=[nan]
art=[nan]
architecture=[nan]
urban=[nan]
abandoned=[nan]
beautiful=[nan]
cute=[nan]
love=[nan]
beauty=[nan]
summer=[nan]
autumn=[nan]
winter=[nan]
spring=[nan]
Balanced
landscape=[0.5]
wildlife=[0.5]
travel=[0.5]
vacation=[0.5]
sunrise=[0.5]
sunset=[0.5]
night=[0.5]
art=[0.5]
architecture=[0.5]
urban=[0.5]
abandoned=[0.5]
beautiful=[0.5]
cute=[0.5]
love=[0.5]
beauty=[0.5]
summer=[0.5]
autumn=[0.5]
winter=[0.5]
spring=[0.5]
