landscape=[0.693147182465,0.333627939224,0.303152412176,0.217334926128,0.200011685491,0.297715336084]
wildlife=[0.693147182465,0.243873223662,0.220031812787,0.193770766258,0.399140000343,0.0813068374991]
travel=[0.693147182465,0.409869879484,0.356929302216,0.567114531994,0.198145270348,0.298890143633]
vacation=[0.693147182465,0.33636406064,0.286141127348,0.18820373714,0.174098670483,0.307273685932]
sunrise=[0.693147182465,0.287319272757,0.11679174751,0.183453544974,0.0642953515053,0.514985144138]
sunset=[0.693147182465,0.460799485445,0.463722735643,0.22648973763,0.297083735466,0.738894760609]
night=[0.693147182465,0.412447303534,0.512392997742,0.128904700279,0.287477940321,0.19329328835]
art=[0.693147182465,0.382899999619,0.509637117386,0.440233230591,0.635365724564,0.12952491641]
architecture=[0.693147182465,0.45263710618,0.242615863681,0.647438704967,0.216359019279,0.201036050916]
urban=[0.693147182465,0.295545250177,0.205582395196,0.0952709838748,0.181345582008,0.181108221412]
abandoned=[0.693147182465,0.22823625803,0.209881588817,0.0762137547135,0.0569932460785,0.0588028393686]
beautiful=[0.693147182465,0.295979529619,0.13576169312,0.189231276512,0.48705676198,0.0824810788035]
cute=[0.693147182465,0.24862831831,0.127771407366,0.185015365481,0.184191718698,0.0722121596336]
love=[0.693147182465,0.357911586761,0.366355508566,0.0957582220435,0.168622657657,0.160367429256]
beauty=[0.693147182465,0.339220404625,0.122276626527,0.184626355767,0.419211626053,0.392853945494]
summer=[0.693147182465,0.301208645105,0.295656085014,0.208318069577,0.280194610357,0.185422405601]
autumn=[0.693147182465,0.410823494196,0.375470489264,0.640345752239,0.38962879777,0.392077118158]
winter=[0.693147182465,0.41186439991,0.149250075221,0.276325941086,0.07915892452,0.193099141121]
spring=[0.693147182465,0.295716792345,0.140714004636,0.0920687839389,0.0667931064963,0.06175179407]
landscape=[0.875541666667]
wildlife=[0.90225]
travel=[0.920708333333]
vacation=[0.957166666667]
sunrise=[0.962625]
sunset=[0.884083333333]
night=[0.912375]
art=[0.901875]
architecture=[0.884458333333]
urban=[0.937708333333]
abandoned=[0.969875]
beautiful=[0.933375]
cute=[0.951708333333]
love=[0.960666666667]
beauty=[0.967458333333]
summer=[0.937125]
autumn=[0.916666666667]
winter=[0.937541666667]
spring=[0.963]
landscape=[0.0]
wildlife=[0.0]
travel=[0.0]
vacation=[0.0]
sunrise=[0.0]
sunset=[0.0]
night=[0.0]
art=[0.0]
architecture=[0.0]
urban=[0.0]
abandoned=[0.0]
beautiful=[0.0]
cute=[0.0]
love=[0.0]
beauty=[0.0]
summer=[0.0]
autumn=[0.0]
winter=[0.0]
spring=[0.0]
landscape=[nan]
wildlife=[nan]
travel=[nan]
vacation=[nan]
sunrise=[nan]
sunset=[nan]
night=[nan]
art=[nan]
architecture=[nan]
urban=[nan]
abandoned=[nan]
beautiful=[nan]
cute=[nan]
love=[nan]
beauty=[nan]
summer=[nan]
autumn=[nan]
winter=[nan]
spring=[nan]
Balanced
landscape=[0.5]
wildlife=[0.5]
travel=[0.5]
vacation=[0.5]
sunrise=[0.5]
sunset=[0.5]
night=[0.5]
art=[0.5]
architecture=[0.5]
urban=[0.5]
abandoned=[0.5]
beautiful=[0.5]
cute=[0.5]
love=[0.5]
beauty=[0.5]
summer=[0.5]
autumn=[0.5]
winter=[0.5]
spring=[0.5]
