landscape=[0.693147182465,0.333804756403,0.310553997755,0.214534282684,0.208487868309,0.285696983337]
wildlife=[0.693147182465,0.242637395859,0.198494628072,0.186259433627,0.413001686335,0.0800487175584]
travel=[0.693147182465,0.418092817068,0.379856973886,0.5529088974,0.203403294086,0.303285330534]
vacation=[0.693147182465,0.348436594009,0.304228335619,0.189031079412,0.177387520671,0.275001525879]
sunrise=[0.693147182465,0.287670642138,0.114584922791,0.196705266833,0.0689798220992,0.533269941807]
sunset=[0.693147182465,0.466315358877,0.46318769455,0.220458567142,0.286028265953,0.722406387329]
night=[0.693147182465,0.421904653311,0.509795725346,0.13152217865,0.289999812841,0.195510149002]
art=[0.693147182465,0.374991804361,0.526257991791,0.465261727571,0.633353412151,0.129066005349]
architecture=[0.693147182465,0.456725805998,0.240248247981,0.611088752747,0.20751683414,0.203854978085]
urban=[0.693147182465,0.289152026176,0.200879752636,0.0973371490836,0.187519952655,0.180195450783]
abandoned=[0.693147182465,0.22606150806,0.199959203601,0.0782521739602,0.0624182410538,0.0584947317839]
beautiful=[0.693147182465,0.295359581709,0.133933261037,0.193791553378,0.507743060589,0.0825508609414]
cute=[0.693147182465,0.244884356856,0.125570654869,0.183065995574,0.20103931427,0.0716191232204]
love=[0.693147182465,0.339492946863,0.383085250854,0.0990937128663,0.189369186759,0.172707796097]
beauty=[0.693147182465,0.345705658197,0.12145408988,0.189456239343,0.417658060789,0.410612463951]
summer=[0.693147182465,0.297679692507,0.290038496256,0.203462645411,0.296587407589,0.188389971852]
autumn=[0.693147182465,0.398662894964,0.374390333891,0.633293747902,0.384153217077,0.395942121744]
winter=[0.693147182465,0.417664974928,0.149779617786,0.289858520031,0.0852953791618,0.182690903544]
spring=[0.693147182465,0.289497345686,0.13886269927,0.0943064168096,0.0721461549401,0.0608683228493]
landscape=[0.875541666667]
wildlife=[0.90225]
travel=[0.920708333333]
vacation=[0.957166666667]
sunrise=[0.962625]
sunset=[0.884083333333]
night=[0.912375]
art=[0.901875]
architecture=[0.884458333333]
urban=[0.937708333333]
abandoned=[0.969875]
beautiful=[0.933375]
cute=[0.951708333333]
love=[0.960666666667]
beauty=[0.967458333333]
summer=[0.937125]
autumn=[0.916666666667]
winter=[0.937541666667]
spring=[0.963]
landscape=[0.0]
wildlife=[0.0]
travel=[0.0]
vacation=[0.0]
sunrise=[0.0]
sunset=[0.0]
night=[0.0]
art=[0.0]
architecture=[0.0]
urban=[0.0]
abandoned=[0.0]
beautiful=[0.0]
cute=[0.0]
love=[0.0]
beauty=[0.0]
summer=[0.0]
autumn=[0.0]
winter=[0.0]
spring=[0.0]
landscape=[nan]
wildlife=[nan]
travel=[nan]
vacation=[nan]
sunrise=[nan]
sunset=[nan]
night=[nan]
art=[nan]
architecture=[nan]
urban=[nan]
abandoned=[nan]
beautiful=[nan]
cute=[nan]
love=[nan]
beauty=[nan]
summer=[nan]
autumn=[nan]
winter=[nan]
spring=[nan]
Balanced
landscape=[0.5]
wildlife=[0.5]
travel=[0.5]
vacation=[0.5]
sunrise=[0.5]
sunset=[0.5]
night=[0.5]
art=[0.5]
architecture=[0.5]
urban=[0.5]
abandoned=[0.5]
beautiful=[0.5]
cute=[0.5]
love=[0.5]
beauty=[0.5]
summer=[0.5]
autumn=[0.5]
winter=[0.5]
spring=[0.5]
